# First attempt (slurm job 34796231) 
mkdir err/RCBv2; re=$(seq -s, 1 10 5961); sbatch --array $re%20 slurm_reduceallcellbasisv2

# Some jobs failed, let's try and re-run them (slurm job 34810023) 
newre=(1371,1381,1481,1501,1521,1691,1871)
sbatch --array $newre slurm_reduceallcellbasisv2

# There were some problematic files, due to bugs, or errors at fread.
# I found them by grepping "Error", "Avoidable" and "TIME" across the logs
# So we an run again for these specific groups (slurm job 34851455)
newre=(5961,1401,1461,1471,1491,1851,1861,2591,3981,4311,5621,5631,5711,751,761,791)
sbatch --array $newre slurm_reduceallcellbasisv2

# Still some datasets threw the "Avoidable" warning
# grep "Avoidable\|Error\|error\|warning" err/RCBv2/34851455_*
# slurm job 34861241
newre=(1491,1851,1861,2591,5621,5711)
sbatch --array $newre slurm_reduceallcellbasisv2


newre=(572,618,629,636,665,666,673,674,675,676,691,693,694,695,696,697,747,748,749,750,751,752,753,754,756,757,758,763,797,798,800,801,804,805,806,810,811,815,816,818,819,822,999,1000,1001,1002,1003,1004,1005,1006,1007,1008,1009,1010,1011,1012,1013,1014,1015,1016,1383,1384,1385,1386,1387,1388,1389,1390,1391,1392,1393,1397,1398,1399,1400,1401,1402,1405,1406,1423,1425,1453,1466,1467,1470,1471,1480,1481,1483,1485,1486,1487,1488,1489,1490,1491,1492,1493,1494,1496,1497,1498,1499,1508,1512,1513,1519,1520,1521,1522,1523,1524,1525,1526,1527,1528,1529,1530,1531,1596,1655,1818,1819,1820,1821,1822,1823,1833,1834,1835,1837,1844,1845,1848,1849,1850,1852,1853,1854,1855,1856,1857,1858,1859,1860,1861,1862,1863,1864,1866,1867,1868,2048,2049,2050,2051,2052,2063,2064,2209,2216,2221,2222,2223,2224,2230,2235,2236,2237,2238,2240,2241,2242,2243,2244,2245,2246,2577,2578,2581,2582,2584,2585,2586,2587,2588,2591,2592,2596,2597,2600,2606,2608,2612,2613,2614,2618,2619,2620,2621,2622,2623,2624,2625,2626,2627,2628,2629,2630,2631,2632,2633,2634,2635,2636,2637,2638,2639,2640,2641,2642,2643,2644,2645,2646,2647,2648,2649,2650,2651,2652,2653,2654,2655,2656,2657,2658,2659,2660,2661,2662,2663,2664,2665,2666,2667,2668,2669,2670,2671,2672,2673,2674,2675,2676,2677,2678,2679,2680,2681,2682,2683,2684,2685,2686,2687,2688,2689,2690,2691,2692,2693,2694,2695,2696,2697,2698,2699,2700,2709,2710,2911,2916,2917,2918,2919,2920,2928,2929,2930,2931,2932,2933,2934,2936,2937,2938,2939,2944,2945,2946,2947,2948,2949,2950,2951,2953,2954,2955,2956,2957,2958,2959,2960,2961,2963,2964,2965,2966,2967,2968,2969,2971,2972,2974,2975,2976,2977,2978,2979,2981,2982,2983,2984,2985,2986,2987,2989,2990,2991,2992,2994,2995,2996,2997,2998,2999,3002,3003,3004,3005,3006,3008,3009,3010,3011,3012,3013,3015,3016,3018,3019,3020,3021,3022,3023,3024,3025,3027,3028,3029,3030,3032,3033,3034,3035,3036,3037,3038,3070,3079,3080,3081,3082,3083,3084,3085,3086,3087,3088,3089,3090,3095,3096,3220,3277,3617,3618,3621,3622,3623,3626,3627,3629,3630,3635,3638,3639,3641,3642,3643,3645,3646,3956,3957,3960,3963,3964,3967,3969,3970,3973,3974,3975,3976,3977,3978,3979,3980,3981,3982,3984,3985,3986,3987,3988,3989,3990,3992,3993,3994,3995,3996,3997,3999,4000,4001,4002,4008,4009,4011,4012,4015,4016,4018,4019,4020,4022,4023,4024,4025,4026,4027,4028,4030,4031,4032,4033,4034,4035,4036,4037,4038,4039,4040,4041,4042,4047,4048,4051,4052,4060,4061,4063,4067,4068,4072,4073,4074,4273,4284,4285,4288,4289,4296,4297,4298,4299,4304,4305,4373,4374,4375,4376,4377,4384,4385,4386,4401,4408,5609,5613,5614,5617,5618,5625,5626,5627,5629,5646,5647,5649,5650,5656,5671,5672,5675,5679,5680,5687,5689,5691,5729,5730,5731,5736,5737,5738,5744,5745,5746,5747,5749,5750,5757,5758,5759,5760,5761,5772,5783,5792,5796,5798,5804,5815,5816,5819,5820,5821,5823,5825,5828,5829,5830,5831,5832,5833,5837,5839,5841,5842,5843,5844,5845,5846,5856,5857,5858,5859,5860,5861,5862,5863,5864,5865,5871,5872,5873,5874,5881,5883,5885,5886,5887,5888,5889,5890,5903,5906,5908,5914,5915,5917,5927,5928,5929,5930,5931,5937,5938)
sbatch --array $newre%20 slurm_reduceallcellbasisv2_collector

